(kicad_pcb (version 20171130) (host pcbnew "(5.1.10)-1")

  (general
    (thickness 1.6)
    (drawings 42)
    (tracks 443)
    (zones 0)
    (modules 49)
    (nets 60)
  )

  (page A4)
  (layers
    (0 F.Cu signal)
    (1 In1.Cu power)
    (2 In2.Cu power)
    (31 B.Cu signal)
    (32 B.Adhes user)
    (33 F.Adhes user)
    (34 B.Paste user)
    (35 F.Paste user)
    (36 B.SilkS user)
    (37 F.SilkS user)
    (38 B.Mask user)
    (39 F.Mask user)
    (40 Dwgs.User user)
    (41 Cmts.User user)
    (42 Eco1.User user)
    (43 Eco2.User user)
    (44 Edge.Cuts user)
    (45 Margin user)
    (46 B.CrtYd user)
    (47 F.CrtYd user)
    (48 B.Fab user hide)
    (49 F.Fab user hide)
  )

  (setup
    (last_trace_width 0.25)
    (user_trace_width 0.261112)
    (user_trace_width 0.3)
    (user_trace_width 0.5)
    (user_trace_width 0.75)
    (user_trace_width 1)
    (trace_clearance 0.2)
    (zone_clearance 0.508)
    (zone_45_only no)
    (trace_min 0.2)
    (via_size 0.8)
    (via_drill 0.4)
    (via_min_size 0.4)
    (via_min_drill 0.3)
    (uvia_size 0.3)
    (uvia_drill 0.1)
    (uvias_allowed no)
    (uvia_min_size 0.2)
    (uvia_min_drill 0.1)
    (edge_width 0.05)
    (segment_width 0.2)
    (pcb_text_width 0.3)
    (pcb_text_size 1.5 1.5)
    (mod_edge_width 0.12)
    (mod_text_size 1 1)
    (mod_text_width 0.15)
    (pad_size 1.524 1.524)
    (pad_drill 0.762)
    (pad_to_mask_clearance 0)
    (aux_axis_origin 0 0)
    (visible_elements 7FFFFFFF)
    (pcbplotparams
      (layerselection 0x010fc_ffffffff)
      (usegerberextensions false)
      (usegerberattributes true)
      (usegerberadvancedattributes true)
      (creategerberjobfile false)
      (excludeedgelayer true)
      (linewidth 0.100000)
      (plotframeref false)
      (viasonmask false)
      (mode 1)
      (useauxorigin false)
      (hpglpennumber 1)
      (hpglpenspeed 20)
      (hpglpendiameter 15.000000)
      (psnegative false)
      (psa4output false)
      (plotreference true)
      (plotvalue true)
      (plotinvisibletext false)
      (padsonsilk false)
      (subtractmaskfromsilk false)
      (outputformat 1)
      (mirror false)
      (drillshape 0)
      (scaleselection 1)
      (outputdirectory "gerber/"))
  )

  (net 0 "")
  (net 1 GND)
  (net 2 HSE_IN)
  (net 3 HSE_OUT)
  (net 4 +5V)
  (net 5 "Net-(C4-Pad1)")
  (net 6 +3V3)
  (net 7 NRST)
  (net 8 TIM4_CH2_DT)
  (net 9 TIM4_CH1_CLK)
  (net 10 "Net-(D2-Pad1)")
  (net 11 "Net-(D2-Pad3)")
  (net 12 "Net-(D2-Pad4)")
  (net 13 "Net-(J1-Pad4)")
  (net 14 SPI1_MISO)
  (net 15 SPI1_MOSI)
  (net 16 SPI1_SCLK)
  (net 17 SPI1_CSN)
  (net 18 MOTION_TRACK)
  (net 19 MOUSE00)
  (net 20 MOUSE10)
  (net 21 MOUSE01)
  (net 22 MOUSE11)
  (net 23 MOUSE02)
  (net 24 MOUSE12)
  (net 25 MOUSE03)
  (net 26 MOUSE13)
  (net 27 MOUSE04)
  (net 28 MOUSE14)
  (net 29 MOUSE05)
  (net 30 MOUSE15)
  (net 31 MOUSE06)
  (net 32 MOUSE16)
  (net 33 MOUSE07)
  (net 34 MOUSE17)
  (net 35 MOUSE08)
  (net 36 MOUSE18)
  (net 37 MOUSE09)
  (net 38 MOUSE19)
  (net 39 MOUSELEFT)
  (net 40 MOUSERIGHT)
  (net 41 SWDIO)
  (net 42 SWCLK)
  (net 43 SWO)
  (net 44 BOOT)
  (net 45 "Net-(R3-Pad1)")
  (net 46 TIM3_CH2_LEDG)
  (net 47 TIM3_CH1_LEDR)
  (net 48 TIM3_CH3_LEDB)
  (net 49 "Net-(R8-Pad2)")
  (net 50 I2C1_SDA)
  (net 51 I2C1_SCL)
  (net 52 "Net-(D3-Pad1)")
  (net 53 "Net-(D3-Pad2)")
  (net 54 /USB_CONN-)
  (net 55 /USB_CONN+)
  (net 56 USB_PIN+)
  (net 57 USB_PIN-)
  (net 58 "Net-(C2-Pad1)")
  (net 59 "Net-(C19-Pad1)")

  (net_class Default "This is the default net class."
    (clearance 0.2)
    (trace_width 0.25)
    (via_dia 0.8)
    (via_drill 0.4)
    (uvia_dia 0.3)
    (uvia_drill 0.1)
    (add_net +3V3)
    (add_net +5V)
    (add_net /USB_CONN+)
    (add_net /USB_CONN-)
    (add_net BOOT)
    (add_net GND)
    (add_net HSE_IN)
    (add_net HSE_OUT)
    (add_net I2C1_SCL)
    (add_net I2C1_SDA)
    (add_net MOTION_TRACK)
    (add_net MOUSE00)
    (add_net MOUSE01)
    (add_net MOUSE02)
    (add_net MOUSE03)
    (add_net MOUSE04)
    (add_net MOUSE05)
    (add_net MOUSE06)
    (add_net MOUSE07)
    (add_net MOUSE08)
    (add_net MOUSE09)
    (add_net MOUSE10)
    (add_net MOUSE11)
    (add_net MOUSE12)
    (add_net MOUSE13)
    (add_net MOUSE14)
    (add_net MOUSE15)
    (add_net MOUSE16)
    (add_net MOUSE17)
    (add_net MOUSE18)
    (add_net MOUSE19)
    (add_net MOUSELEFT)
    (add_net MOUSERIGHT)
    (add_net NRST)
    (add_net "Net-(C19-Pad1)")
    (add_net "Net-(C2-Pad1)")
    (add_net "Net-(C4-Pad1)")
    (add_net "Net-(D2-Pad1)")
    (add_net "Net-(D2-Pad3)")
    (add_net "Net-(D2-Pad4)")
    (add_net "Net-(D3-Pad1)")
    (add_net "Net-(D3-Pad2)")
    (add_net "Net-(J1-Pad4)")
    (add_net "Net-(R3-Pad1)")
    (add_net "Net-(R8-Pad2)")
    (add_net SPI1_CSN)
    (add_net SPI1_MISO)
    (add_net SPI1_MOSI)
    (add_net SPI1_SCLK)
    (add_net SWCLK)
    (add_net SWDIO)
    (add_net SWO)
    (add_net TIM3_CH1_LEDR)
    (add_net TIM3_CH2_LEDG)
    (add_net TIM3_CH3_LEDB)
    (add_net TIM4_CH1_CLK)
    (add_net TIM4_CH2_DT)
    (add_net USB_PIN+)
    (add_net USB_PIN-)
  )

  (module Package_QFP:LQFP-64_10x10mm_P0.5mm (layer F.Cu) (tedit 5D9F72AF) (tstamp 618F1B50)
    (at 220.5 71 90)
    (descr "LQFP, 64 Pin (https://www.analog.com/media/en/technical-documentation/data-sheets/ad7606_7606-6_7606-4.pdf), generated with kicad-footprint-generator ipc_gullwing_generator.py")
    (tags "LQFP QFP")
    (path /61949A41)
    (attr smd)
    (fp_text reference U3 (at 0 -7.4 90) (layer F.SilkS)
      (effects (font (size 1 1) (thickness 0.15)))
    )
    (fp_text value STM32F412RETx (at 0 7.4 90) (layer F.Fab)
      (effects (font (size 1 1) (thickness 0.15)))
    )
    (fp_line (start 4.16 5.11) (end 5.11 5.11) (layer F.SilkS) (width 0.12))
    (fp_line (start 5.11 5.11) (end 5.11 4.16) (layer F.SilkS) (width 0.12))
    (fp_line (start -4.16 5.11) (end -5.11 5.11) (layer F.SilkS) (width 0.12))
    (fp_line (start -5.11 5.11) (end -5.11 4.16) (layer F.SilkS) (width 0.12))
    (fp_line (start 4.16 -5.11) (end 5.11 -5.11) (layer F.SilkS) (width 0.12))
    (fp_line (start 5.11 -5.11) (end 5.11 -4.16) (layer F.SilkS) (width 0.12))
    (fp_line (start -4.16 -5.11) (end -5.11 -5.11) (layer F.SilkS) (width 0.12))
    (fp_line (start -5.11 -5.11) (end -5.11 -4.16) (layer F.SilkS) (width 0.12))
    (fp_line (start -5.11 -4.16) (end -6.45 -4.16) (layer F.SilkS) (width 0.12))
    (fp_line (start -4 -5) (end 5 -5) (layer F.Fab) (width 0.1))
    (fp_line (start 5 -5) (end 5 5) (layer F.Fab) (width 0.1))
    (fp_line (start 5 5) (end -5 5) (layer F.Fab) (width 0.1))
    (fp_line (start -5 5) (end -5 -4) (layer F.Fab) (width 0.1))
    (fp_line (start -5 -4) (end -4 -5) (layer F.Fab) (width 0.1))
    (fp_line (start 0 -6.7) (end -4.15 -6.7) (layer F.CrtYd) (width 0.05))
    (fp_line (start -4.15 -6.7) (end -4.15 -5.25) (layer F.CrtYd) (width 0.05))
    (fp_line (start -4.15 -5.25) (end -5.25 -5.25) (layer F.CrtYd) (width 0.05))
    (fp_line (start -5.25 -5.25) (end -5.25 -4.15) (layer F.CrtYd) (width 0.05))
    (fp_line (start -5.25 -4.15) (end -6.7 -4.15) (layer F.CrtYd) (width 0.05))
    (fp_line (start -6.7 -4.15) (end -6.7 0) (layer F.CrtYd) (width 0.05))
    (fp_line (start 0 -6.7) (end 4.15 -6.7) (layer F.CrtYd) (width 0.05))
    (fp_line (start 4.15 -6.7) (end 4.15 -5.25) (layer F.CrtYd) (width 0.05))
    (fp_line (start 4.15 -5.25) (end 5.25 -5.25) (layer F.CrtYd) (width 0.05))
    (fp_line (start 5.25 -5.25) (end 5.25 -4.15) (layer F.CrtYd) (width 0.05))
    (fp_line (start 5.25 -4.15) (end 6.7 -4.15) (layer F.CrtYd) (width 0.05))
    (fp_line (start 6.7 -4.15) (end 6.7 0) (layer F.CrtYd) (width 0.05))
    (fp_line (start 0 6.7) (end -4.15 6.7) (layer F.CrtYd) (width 0.05))
    (fp_line (start -4.15 6.7) (end -4.15 5.25) (layer F.CrtYd) (width 0.05))
    (fp_line (start -4.15 5.25) (end -5.25 5.25) (layer F.CrtYd) (width 0.05))
    (fp_line (start -5.25 5.25) (end -5.25 4.15) (layer F.CrtYd) (width 0.05))
    (fp_line (start -5.25 4.15) (end -6.7 4.15) (layer F.CrtYd) (width 0.05))
    (fp_line (start -6.7 4.15) (end -6.7 0) (layer F.CrtYd) (width 0.05))
    (fp_line (start 0 6.7) (end 4.15 6.7) (layer F.CrtYd) (width 0.05))
    (fp_line (start 4.15 6.7) (end 4.15 5.25) (layer F.CrtYd) (width 0.05))
    (fp_line (start 4.15 5.25) (end 5.25 5.25) (layer F.CrtYd) (width 0.05))
    (fp_line (start 5.25 5.25) (end 5.25 4.15) (layer F.CrtYd) (width 0.05))
    (fp_line (start 5.25 4.15) (end 6.7 4.15) (layer F.CrtYd) (width 0.05))
    (fp_line (start 6.7 4.15) (end 6.7 0) (layer F.CrtYd) (width 0.05))
    (fp_text user %R (at 0 0 90) (layer F.Fab)
      (effects (font (size 1 1) (thickness 0.15)))
    )
    (pad 1 smd roundrect (at -5.675 -3.75 90) (size 1.55 0.3) (layers F.Cu F.Paste F.Mask) (roundrect_rratio 0.25)
      (net 6 +3V3))
    (pad 2 smd roundrect (at -5.675 -3.25 90) (size 1.55 0.3) (layers F.Cu F.Paste F.Mask) (roundrect_rratio 0.25)
      (net 19 MOUSE00))
    (pad 3 smd roundrect (at -5.675 -2.75 90) (size 1.55 0.3) (layers F.Cu F.Paste F.Mask) (roundrect_rratio 0.25)
      (net 21 MOUSE01))
    (pad 4 smd roundrect (at -5.675 -2.25 90) (size 1.55 0.3) (layers F.Cu F.Paste F.Mask) (roundrect_rratio 0.25)
      (net 23 MOUSE02))
    (pad 5 smd roundrect (at -5.675 -1.75 90) (size 1.55 0.3) (layers F.Cu F.Paste F.Mask) (roundrect_rratio 0.25)
      (net 2 HSE_IN))
    (pad 6 smd roundrect (at -5.675 -1.25 90) (size 1.55 0.3) (layers F.Cu F.Paste F.Mask) (roundrect_rratio 0.25)
      (net 3 HSE_OUT))
    (pad 7 smd roundrect (at -5.675 -0.75 90) (size 1.55 0.3) (layers F.Cu F.Paste F.Mask) (roundrect_rratio 0.25)
      (net 7 NRST))
    (pad 8 smd roundrect (at -5.675 -0.25 90) (size 1.55 0.3) (layers F.Cu F.Paste F.Mask) (roundrect_rratio 0.25)
      (net 25 MOUSE03))
    (pad 9 smd roundrect (at -5.675 0.25 90) (size 1.55 0.3) (layers F.Cu F.Paste F.Mask) (roundrect_rratio 0.25)
      (net 27 MOUSE04))
    (pad 10 smd roundrect (at -5.675 0.75 90) (size 1.55 0.3) (layers F.Cu F.Paste F.Mask) (roundrect_rratio 0.25)
      (net 29 MOUSE05))
    (pad 11 smd roundrect (at -5.675 1.25 90) (size 1.55 0.3) (layers F.Cu F.Paste F.Mask) (roundrect_rratio 0.25)
      (net 31 MOUSE06))
    (pad 12 smd roundrect (at -5.675 1.75 90) (size 1.55 0.3) (layers F.Cu F.Paste F.Mask) (roundrect_rratio 0.25)
      (net 1 GND))
    (pad 13 smd roundrect (at -5.675 2.25 90) (size 1.55 0.3) (layers F.Cu F.Paste F.Mask) (roundrect_rratio 0.25)
      (net 6 +3V3))
    (pad 14 smd roundrect (at -5.675 2.75 90) (size 1.55 0.3) (layers F.Cu F.Paste F.Mask) (roundrect_rratio 0.25)
      (net 33 MOUSE07))
    (pad 15 smd roundrect (at -5.675 3.25 90) (size 1.55 0.3) (layers F.Cu F.Paste F.Mask) (roundrect_rratio 0.25)
      (net 35 MOUSE08))
    (pad 16 smd roundrect (at -5.675 3.75 90) (size 1.55 0.3) (layers F.Cu F.Paste F.Mask) (roundrect_rratio 0.25)
      (net 37 MOUSE09))
    (pad 17 smd roundrect (at -3.75 5.675 90) (size 0.3 1.55) (layers F.Cu F.Paste F.Mask) (roundrect_rratio 0.25)
      (net 20 MOUSE10))
    (pad 18 smd roundrect (at -3.25 5.675 90) (size 0.3 1.55) (layers F.Cu F.Paste F.Mask) (roundrect_rratio 0.25)
      (net 1 GND))
    (pad 19 smd roundrect (at -2.75 5.675 90) (size 0.3 1.55) (layers F.Cu F.Paste F.Mask) (roundrect_rratio 0.25)
      (net 6 +3V3))
    (pad 20 smd roundrect (at -2.25 5.675 90) (size 0.3 1.55) (layers F.Cu F.Paste F.Mask) (roundrect_rratio 0.25)
      (net 17 SPI1_CSN))
    (pad 21 smd roundrect (at -1.75 5.675 90) (size 0.3 1.55) (layers F.Cu F.Paste F.Mask) (roundrect_rratio 0.25)
      (net 16 SPI1_SCLK))
    (pad 22 smd roundrect (at -1.25 5.675 90) (size 0.3 1.55) (layers F.Cu F.Paste F.Mask) (roundrect_rratio 0.25)
      (net 14 SPI1_MISO))
    (pad 23 smd roundrect (at -0.75 5.675 90) (size 0.3 1.55) (layers F.Cu F.Paste F.Mask) (roundrect_rratio 0.25)
      (net 15 SPI1_MOSI))
    (pad 24 smd roundrect (at -0.25 5.675 90) (size 0.3 1.55) (layers F.Cu F.Paste F.Mask) (roundrect_rratio 0.25)
      (net 18 MOTION_TRACK))
    (pad 25 smd roundrect (at 0.25 5.675 90) (size 0.3 1.55) (layers F.Cu F.Paste F.Mask) (roundrect_rratio 0.25)
      (net 22 MOUSE11))
    (pad 26 smd roundrect (at 0.75 5.675 90) (size 0.3 1.55) (layers F.Cu F.Paste F.Mask) (roundrect_rratio 0.25)
      (net 24 MOUSE12))
    (pad 27 smd roundrect (at 1.25 5.675 90) (size 0.3 1.55) (layers F.Cu F.Paste F.Mask) (roundrect_rratio 0.25)
      (net 26 MOUSE13))
    (pad 28 smd roundrect (at 1.75 5.675 90) (size 0.3 1.55) (layers F.Cu F.Paste F.Mask) (roundrect_rratio 0.25)
      (net 28 MOUSE14))
    (pad 29 smd roundrect (at 2.25 5.675 90) (size 0.3 1.55) (layers F.Cu F.Paste F.Mask) (roundrect_rratio 0.25)
      (net 30 MOUSE15))
    (pad 30 smd roundrect (at 2.75 5.675 90) (size 0.3 1.55) (layers F.Cu F.Paste F.Mask) (roundrect_rratio 0.25)
      (net 59 "Net-(C19-Pad1)"))
    (pad 31 smd roundrect (at 3.25 5.675 90) (size 0.3 1.55) (layers F.Cu F.Paste F.Mask) (roundrect_rratio 0.25)
      (net 1 GND))
    (pad 32 smd roundrect (at 3.75 5.675 90) (size 0.3 1.55) (layers F.Cu F.Paste F.Mask) (roundrect_rratio 0.25)
      (net 6 +3V3))
    (pad 33 smd roundrect (at 5.675 3.75 90) (size 1.55 0.3) (layers F.Cu F.Paste F.Mask) (roundrect_rratio 0.25)
      (net 32 MOUSE16))
    (pad 34 smd roundrect (at 5.675 3.25 90) (size 1.55 0.3) (layers F.Cu F.Paste F.Mask) (roundrect_rratio 0.25)
      (net 34 MOUSE17))
    (pad 35 smd roundrect (at 5.675 2.75 90) (size 1.55 0.3) (layers F.Cu F.Paste F.Mask) (roundrect_rratio 0.25)
      (net 36 MOUSE18))
    (pad 36 smd roundrect (at 5.675 2.25 90) (size 1.55 0.3) (layers F.Cu F.Paste F.Mask) (roundrect_rratio 0.25)
      (net 38 MOUSE19))
    (pad 37 smd roundrect (at 5.675 1.75 90) (size 1.55 0.3) (layers F.Cu F.Paste F.Mask) (roundrect_rratio 0.25)
      (net 47 TIM3_CH1_LEDR))
    (pad 38 smd roundrect (at 5.675 1.25 90) (size 1.55 0.3) (layers F.Cu F.Paste F.Mask) (roundrect_rratio 0.25)
      (net 46 TIM3_CH2_LEDG))
    (pad 39 smd roundrect (at 5.675 0.75 90) (size 1.55 0.3) (layers F.Cu F.Paste F.Mask) (roundrect_rratio 0.25)
      (net 48 TIM3_CH3_LEDB))
    (pad 40 smd roundrect (at 5.675 0.25 90) (size 1.55 0.3) (layers F.Cu F.Paste F.Mask) (roundrect_rratio 0.25))
    (pad 41 smd roundrect (at 5.675 -0.25 90) (size 1.55 0.3) (layers F.Cu F.Paste F.Mask) (roundrect_rratio 0.25))
    (pad 42 smd roundrect (at 5.675 -0.75 90) (size 1.55 0.3) (layers F.Cu F.Paste F.Mask) (roundrect_rratio 0.25))
    (pad 43 smd roundrect (at 5.675 -1.25 90) (size 1.55 0.3) (layers F.Cu F.Paste F.Mask) (roundrect_rratio 0.25))
    (pad 44 smd roundrect (at 5.675 -1.75 90) (size 1.55 0.3) (layers F.Cu F.Paste F.Mask) (roundrect_rratio 0.25)
      (net 57 USB_PIN-))
    (pad 45 smd roundrect (at 5.675 -2.25 90) (size 1.55 0.3) (layers F.Cu F.Paste F.Mask) (roundrect_rratio 0.25)
      (net 56 USB_PIN+))
    (pad 46 smd roundrect (at 5.675 -2.75 90) (size 1.55 0.3) (layers F.Cu F.Paste F.Mask) (roundrect_rratio 0.25)
      (net 41 SWDIO))
    (pad 47 smd roundrect (at 5.675 -3.25 90) (size 1.55 0.3) (layers F.Cu F.Paste F.Mask) (roundrect_rratio 0.25)
      (net 1 GND))
    (pad 48 smd roundrect (at 5.675 -3.75 90) (size 1.55 0.3) (layers F.Cu F.Paste F.Mask) (roundrect_rratio 0.25)
      (net 6 +3V3))
    (pad 49 smd roundrect (at 3.75 -5.675 90) (size 0.3 1.55) (layers F.Cu F.Paste F.Mask) (roundrect_rratio 0.25)
      (net 42 SWCLK))
    (pad 50 smd roundrect (at 3.25 -5.675 90) (size 0.3 1.55) (layers F.Cu F.Paste F.Mask) (roundrect_rratio 0.25))
    (pad 51 smd roundrect (at 2.75 -5.675 90) (size 0.3 1.55) (layers F.Cu F.Paste F.Mask) (roundrect_rratio 0.25))
    (pad 52 smd roundrect (at 2.25 -5.675 90) (size 0.3 1.55) (layers F.Cu F.Paste F.Mask) (roundrect_rratio 0.25)
      (net 40 MOUSERIGHT))
    (pad 53 smd roundrect (at 1.75 -5.675 90) (size 0.3 1.55) (layers F.Cu F.Paste F.Mask) (roundrect_rratio 0.25)
      (net 39 MOUSELEFT))
    (pad 54 smd roundrect (at 1.25 -5.675 90) (size 0.3 1.55) (layers F.Cu F.Paste F.Mask) (roundrect_rratio 0.25))
    (pad 55 smd roundrect (at 0.75 -5.675 90) (size 0.3 1.55) (layers F.Cu F.Paste F.Mask) (roundrect_rratio 0.25)
      (net 43 SWO))
    (pad 56 smd roundrect (at 0.25 -5.675 90) (size 0.3 1.55) (layers F.Cu F.Paste F.Mask) (roundrect_rratio 0.25))
    (pad 57 smd roundrect (at -0.25 -5.675 90) (size 0.3 1.55) (layers F.Cu F.Paste F.Mask) (roundrect_rratio 0.25))
    (pad 58 smd roundrect (at -0.75 -5.675 90) (size 0.3 1.55) (layers F.Cu F.Paste F.Mask) (roundrect_rratio 0.25)
      (net 9 TIM4_CH1_CLK))
    (pad 59 smd roundrect (at -1.25 -5.675 90) (size 0.3 1.55) (layers F.Cu F.Paste F.Mask) (roundrect_rratio 0.25)
      (net 8 TIM4_CH2_DT))
    (pad 60 smd roundrect (at -1.75 -5.675 90) (size 0.3 1.55) (layers F.Cu F.Paste F.Mask) (roundrect_rratio 0.25)
      (net 44 BOOT))
    (pad 61 smd roundrect (at -2.25 -5.675 90) (size 0.3 1.55) (layers F.Cu F.Paste F.Mask) (roundrect_rratio 0.25)
      (net 51 I2C1_SCL))
    (pad 62 smd roundrect (at -2.75 -5.675 90) (size 0.3 1.55) (layers F.Cu F.Paste F.Mask) (roundrect_rratio 0.25)
      (net 50 I2C1_SDA))
    (pad 63 smd roundrect (at -3.25 -5.675 90) (size 0.3 1.55) (layers F.Cu F.Paste F.Mask) (roundrect_rratio 0.25)
      (net 1 GND))
    (pad 64 smd roundrect (at -3.75 -5.675 90) (size 0.3 1.55) (layers F.Cu F.Paste F.Mask) (roundrect_rratio 0.25)
      (net 6 +3V3))
    (model ${KISYS3DMOD}/Package_QFP.3dshapes/LQFP-64_10x10mm_P0.5mm.wrl
      (at (xyz 0 0 0))
      (scale (xyz 1 1 1))
      (rotate (xyz 0 0 0))
    )
  )

  (module Button_Switch_THT:SW_PUSH_6mm_H5mm (layer F.Cu) (tedit 5A02FE31) (tstamp 619040A3)
    (at 223.5 92 180)
    (descr "tactile push button, 6x6mm e.g. PHAP33xx series, height=5mm")
    (tags "tact sw push 6mm")
    (path /617E5927)
    (fp_text reference SW2 (at 3.25 -2) (layer F.SilkS)
      (effects (font (size 1 1) (thickness 0.15)))
    )
    (fp_text value SW_Push (at 3.75 6.7) (layer F.Fab)
      (effects (font (size 1 1) (thickness 0.15)))
    )
    (fp_circle (center 3.25 2.25) (end 1.25 2.5) (layer F.Fab) (width 0.1))
    (fp_line (start 6.75 3) (end 6.75 1.5) (layer F.SilkS) (width 0.12))
    (fp_line (start 5.5 -1) (end 1 -1) (layer F.SilkS) (width 0.12))
    (fp_line (start -0.25 1.5) (end -0.25 3) (layer F.SilkS) (width 0.12))
    (fp_line (start 1 5.5) (end 5.5 5.5) (layer F.SilkS) (width 0.12))
    (fp_line (start 8 -1.25) (end 8 5.75) (layer F.CrtYd) (width 0.05))
    (fp_line (start 7.75 6) (end -1.25 6) (layer F.CrtYd) (width 0.05))
    (fp_line (start -1.5 5.75) (end -1.5 -1.25) (layer F.CrtYd) (width 0.05))
    (fp_line (start -1.25 -1.5) (end 7.75 -1.5) (layer F.CrtYd) (width 0.05))
    (fp_line (start -1.5 6) (end -1.25 6) (layer F.CrtYd) (width 0.05))
    (fp_line (start -1.5 5.75) (end -1.5 6) (layer F.CrtYd) (width 0.05))
    (fp_line (start -1.5 -1.5) (end -1.25 -1.5) (layer F.CrtYd) (width 0.05))
    (fp_line (start -1.5 -1.25) (end -1.5 -1.5) (layer F.CrtYd) (width 0.05))
    (fp_line (start 8 -1.5) (end 8 -1.25) (layer F.CrtYd) (width 0.05))
    (fp_line (start 7.75 -1.5) (end 8 -1.5) (layer F.CrtYd) (width 0.05))
    (fp_line (start 8 6) (end 8 5.75) (layer F.CrtYd) (width 0.05))
    (fp_line (start 7.75 6) (end 8 6) (layer F.CrtYd) (width 0.05))
    (fp_line (start 0.25 -0.75) (end 3.25 -0.75) (layer F.Fab) (width 0.1))
    (fp_line (start 0.25 5.25) (end 0.25 -0.75) (layer F.Fab) (width 0.1))
    (fp_line (start 6.25 5.25) (end 0.25 5.25) (layer F.Fab) (width 0.1))
    (fp_line (start 6.25 -0.75) (end 6.25 5.25) (layer F.Fab) (width 0.1))
    (fp_line (start 3.25 -0.75) (end 6.25 -0.75) (layer F.Fab) (width 0.1))
    (fp_text user %R (at 3.25 2.25) (layer F.Fab)
      (effects (font (size 1 1) (thickness 0.15)))
    )
    (pad 2 thru_hole circle (at 0 4.5 270) (size 2 2) (drill 1.1) (layers *.Cu *.Mask)
      (net 7 NRST))
    (pad 1 thru_hole circle (at 0 0 270) (size 2 2) (drill 1.1) (layers *.Cu *.Mask)
      (net 1 GND))
    (pad 2 thru_hole circle (at 6.5 4.5 270) (size 2 2) (drill 1.1) (layers *.Cu *.Mask)
      (net 7 NRST))
    (pad 1 thru_hole circle (at 6.5 0 270) (size 2 2) (drill 1.1) (layers *.Cu *.Mask)
      (net 1 GND))
    (model ${KISYS3DMOD}/Button_Switch_THT.3dshapes/SW_PUSH_6mm_H5mm.wrl
      (at (xyz 0 0 0))
      (scale (xyz 1 1 1))
      (rotate (xyz 0 0 0))
    )
  )

  (module Capacitor_SMD:C_0402_1005Metric (layer F.Cu) (tedit 5F68FEEE) (tstamp 618F1685)
    (at 230.5 66.5 270)
    (descr "Capacitor SMD 0402 (1005 Metric), square (rectangular) end terminal, IPC_7351 nominal, (Body size source: IPC-SM-782 page 76, https://www.pcb-3d.com/wordpress/wp-content/uploads/ipc-sm-782a_amendment_1_and_2.pdf), generated with kicad-footprint-generator")
    (tags capacitor)
    (path /61D08522)
    (attr smd)
    (fp_text reference C14 (at -0.5 -6 90) (layer F.SilkS)
      (effects (font (size 1 1) (thickness 0.15)))
    )
    (fp_text value 4.7u (at 0 1.16 90) (layer F.Fab)
      (effects (font (size 1 1) (thickness 0.15)))
    )
    (fp_line (start 0.91 0.46) (end -0.91 0.46) (layer F.CrtYd) (width 0.05))
    (fp_line (start 0.91 -0.46) (end 0.91 0.46) (layer F.CrtYd) (width 0.05))
    (fp_line (start -0.91 -0.46) (end 0.91 -0.46) (layer F.CrtYd) (width 0.05))
    (fp_line (start -0.91 0.46) (end -0.91 -0.46) (layer F.CrtYd) (width 0.05))
    (fp_line (start -0.107836 0.36) (end 0.107836 0.36) (layer F.SilkS) (width 0.12))
    (fp_line (start -0.107836 -0.36) (end 0.107836 -0.36) (layer F.SilkS) (width 0.12))
    (fp_line (start 0.5 0.25) (end -0.5 0.25) (layer F.Fab) (width 0.1))
    (fp_line (start 0.5 -0.25) (end 0.5 0.25) (layer F.Fab) (width 0.1))
    (fp_line (start -0.5 -0.25) (end 0.5 -0.25) (layer F.Fab) (width 0.1))
    (fp_line (start -0.5 0.25) (end -0.5 -0.25) (layer F.Fab) (width 0.1))
    (fp_text user %R (at 0 0 90) (layer F.Fab)
      (effects (font (size 0.25 0.25) (thickness 0.04)))
    )
    (pad 2 smd roundrect (at 0.48 0 270) (size 0.56 0.62) (layers F.Cu F.Paste F.Mask) (roundrect_rratio 0.25)
      (net 1 GND))
    (pad 1 smd roundrect (at -0.48 0 270) (size 0.56 0.62) (layers F.Cu F.Paste F.Mask) (roundrect_rratio 0.25)
      (net 6 +3V3))
    (model ${KISYS3DMOD}/Capacitor_SMD.3dshapes/C_0402_1005Metric.wrl
      (at (xyz 0 0 0))
      (scale (xyz 1 1 1))
      (rotate (xyz 0 0 0))
    )
  )

  (module Capacitor_SMD:C_0402_1005Metric (layer F.Cu) (tedit 5F68FEEE) (tstamp 618F1655)
    (at 232 66.52 270)
    (descr "Capacitor SMD 0402 (1005 Metric), square (rectangular) end terminal, IPC_7351 nominal, (Body size source: IPC-SM-782 page 76, https://www.pcb-3d.com/wordpress/wp-content/uploads/ipc-sm-782a_amendment_1_and_2.pdf), generated with kicad-footprint-generator")
    (tags capacitor)
    (path /61C35C72)
    (attr smd)
    (fp_text reference C11 (at -0.52 -6 90) (layer F.SilkS)
      (effects (font (size 1 1) (thickness 0.15)))
    )
    (fp_text value 100nF (at 0 1.16 90) (layer F.Fab)
      (effects (font (size 1 1) (thickness 0.15)))
    )
    (fp_line (start -0.5 0.25) (end -0.5 -0.25) (layer F.Fab) (width 0.1))
    (fp_line (start -0.5 -0.25) (end 0.5 -0.25) (layer F.Fab) (width 0.1))
    (fp_line (start 0.5 -0.25) (end 0.5 0.25) (layer F.Fab) (width 0.1))
    (fp_line (start 0.5 0.25) (end -0.5 0.25) (layer F.Fab) (width 0.1))
    (fp_line (start -0.107836 -0.36) (end 0.107836 -0.36) (layer F.SilkS) (width 0.12))
    (fp_line (start -0.107836 0.36) (end 0.107836 0.36) (layer F.SilkS) (width 0.12))
    (fp_line (start -0.91 0.46) (end -0.91 -0.46) (layer F.CrtYd) (width 0.05))
    (fp_line (start -0.91 -0.46) (end 0.91 -0.46) (layer F.CrtYd) (width 0.05))
    (fp_line (start 0.91 -0.46) (end 0.91 0.46) (layer F.CrtYd) (width 0.05))
    (fp_line (start 0.91 0.46) (end -0.91 0.46) (layer F.CrtYd) (width 0.05))
    (fp_text user %R (at 0 0 90) (layer F.Fab)
      (effects (font (size 0.25 0.25) (thickness 0.04)))
    )
    (pad 1 smd roundrect (at -0.48 0 270) (size 0.56 0.62) (layers F.Cu F.Paste F.Mask) (roundrect_rratio 0.25)
      (net 6 +3V3))
    (pad 2 smd roundrect (at 0.48 0 270) (size 0.56 0.62) (layers F.Cu F.Paste F.Mask) (roundrect_rratio 0.25)
      (net 1 GND))
    (model ${KISYS3DMOD}/Capacitor_SMD.3dshapes/C_0402_1005Metric.wrl
      (at (xyz 0 0 0))
      (scale (xyz 1 1 1))
      (rotate (xyz 0 0 0))
    )
  )

  (module Capacitor_SMD:C_0402_1005Metric (layer F.Cu) (tedit 5F68FEEE) (tstamp 618F93DF)
    (at 233.5 66.48 270)
    (descr "Capacitor SMD 0402 (1005 Metric), square (rectangular) end terminal, IPC_7351 nominal, (Body size source: IPC-SM-782 page 76, https://www.pcb-3d.com/wordpress/wp-content/uploads/ipc-sm-782a_amendment_1_and_2.pdf), generated with kicad-footprint-generator")
    (tags capacitor)
    (path /61C35C78)
    (attr smd)
    (fp_text reference C12 (at -0.48 -6 270) (layer F.SilkS)
      (effects (font (size 1 1) (thickness 0.15)))
    )
    (fp_text value 100nF (at 0 1.16 90) (layer F.Fab)
      (effects (font (size 1 1) (thickness 0.15)))
    )
    (fp_line (start 0.91 0.46) (end -0.91 0.46) (layer F.CrtYd) (width 0.05))
    (fp_line (start 0.91 -0.46) (end 0.91 0.46) (layer F.CrtYd) (width 0.05))
    (fp_line (start -0.91 -0.46) (end 0.91 -0.46) (layer F.CrtYd) (width 0.05))
    (fp_line (start -0.91 0.46) (end -0.91 -0.46) (layer F.CrtYd) (width 0.05))
    (fp_line (start -0.107836 0.36) (end 0.107836 0.36) (layer F.SilkS) (width 0.12))
    (fp_line (start -0.107836 -0.36) (end 0.107836 -0.36) (layer F.SilkS) (width 0.12))
    (fp_line (start 0.5 0.25) (end -0.5 0.25) (layer F.Fab) (width 0.1))
    (fp_line (start 0.5 -0.25) (end 0.5 0.25) (layer F.Fab) (width 0.1))
    (fp_line (start -0.5 -0.25) (end 0.5 -0.25) (layer F.Fab) (width 0.1))
    (fp_line (start -0.5 0.25) (end -0.5 -0.25) (layer F.Fab) (width 0.1))
    (fp_text user %R (at 0 0 90) (layer F.Fab)
      (effects (font (size 0.25 0.25) (thickness 0.04)))
    )
    (pad 2 smd roundrect (at 0.48 0 270) (size 0.56 0.62) (layers F.Cu F.Paste F.Mask) (roundrect_rratio 0.25)
      (net 1 GND))
    (pad 1 smd roundrect (at -0.48 0 270) (size 0.56 0.62) (layers F.Cu F.Paste F.Mask) (roundrect_rratio 0.25)
      (net 6 +3V3))
    (model ${KISYS3DMOD}/Capacitor_SMD.3dshapes/C_0402_1005Metric.wrl
      (at (xyz 0 0 0))
      (scale (xyz 1 1 1))
      (rotate (xyz 0 0 0))
    )
  )

  (module Capacitor_SMD:C_0402_1005Metric (layer F.Cu) (tedit 5F68FEEE) (tstamp 618F1675)
    (at 211 64.48 90)
    (descr "Capacitor SMD 0402 (1005 Metric), square (rectangular) end terminal, IPC_7351 nominal, (Body size source: IPC-SM-782 page 76, https://www.pcb-3d.com/wordpress/wp-content/uploads/ipc-sm-782a_amendment_1_and_2.pdf), generated with kicad-footprint-generator")
    (tags capacitor)
    (path /61C35C7E)
    (attr smd)
    (fp_text reference C13 (at -0.52 -4.5 90) (layer F.SilkS)
      (effects (font (size 1 1) (thickness 0.15)))
    )
    (fp_text value 100nF (at 0 1.16 90) (layer F.Fab)
      (effects (font (size 1 1) (thickness 0.15)))
    )
    (fp_line (start -0.5 0.25) (end -0.5 -0.25) (layer F.Fab) (width 0.1))
    (fp_line (start -0.5 -0.25) (end 0.5 -0.25) (layer F.Fab) (width 0.1))
    (fp_line (start 0.5 -0.25) (end 0.5 0.25) (layer F.Fab) (width 0.1))
    (fp_line (start 0.5 0.25) (end -0.5 0.25) (layer F.Fab) (width 0.1))
    (fp_line (start -0.107836 -0.36) (end 0.107836 -0.36) (layer F.SilkS) (width 0.12))
    (fp_line (start -0.107836 0.36) (end 0.107836 0.36) (layer F.SilkS) (width 0.12))
    (fp_line (start -0.91 0.46) (end -0.91 -0.46) (layer F.CrtYd) (width 0.05))
    (fp_line (start -0.91 -0.46) (end 0.91 -0.46) (layer F.CrtYd) (width 0.05))
    (fp_line (start 0.91 -0.46) (end 0.91 0.46) (layer F.CrtYd) (width 0.05))
    (fp_line (start 0.91 0.46) (end -0.91 0.46) (layer F.CrtYd) (width 0.05))
    (fp_text user %R (at 0 0 90) (layer F.Fab)
      (effects (font (size 0.25 0.25) (thickness 0.04)))
    )
    (pad 1 smd roundrect (at -0.48 0 90) (size 0.56 0.62) (layers F.Cu F.Paste F.Mask) (roundrect_rratio 0.25)
      (net 6 +3V3))
    (pad 2 smd roundrect (at 0.48 0 90) (size 0.56 0.62) (layers F.Cu F.Paste F.Mask) (roundrect_rratio 0.25)
      (net 1 GND))
    (model ${KISYS3DMOD}/Capacitor_SMD.3dshapes/C_0402_1005Metric.wrl
      (at (xyz 0 0 0))
      (scale (xyz 1 1 1))
      (rotate (xyz 0 0 0))
    )
  )

  (module Capacitor_SMD:C_0402_1005Metric (layer F.Cu) (tedit 5F68FEEE) (tstamp 618F2CDA)
    (at 212.5 64.52 90)
    (descr "Capacitor SMD 0402 (1005 Metric), square (rectangular) end terminal, IPC_7351 nominal, (Body size source: IPC-SM-782 page 76, https://www.pcb-3d.com/wordpress/wp-content/uploads/ipc-sm-782a_amendment_1_and_2.pdf), generated with kicad-footprint-generator")
    (tags capacitor)
    (path /61C35C5B)
    (attr smd)
    (fp_text reference C9 (at 0.02 -4.5 90) (layer F.SilkS)
      (effects (font (size 1 1) (thickness 0.15)))
    )
    (fp_text value 100nF (at 0 1.16 90) (layer F.Fab)
      (effects (font (size 1 1) (thickness 0.15)))
    )
    (fp_line (start -0.5 0.25) (end -0.5 -0.25) (layer F.Fab) (width 0.1))
    (fp_line (start -0.5 -0.25) (end 0.5 -0.25) (layer F.Fab) (width 0.1))
    (fp_line (start 0.5 -0.25) (end 0.5 0.25) (layer F.Fab) (width 0.1))
    (fp_line (start 0.5 0.25) (end -0.5 0.25) (layer F.Fab) (width 0.1))
    (fp_line (start -0.107836 -0.36) (end 0.107836 -0.36) (layer F.SilkS) (width 0.12))
    (fp_line (start -0.107836 0.36) (end 0.107836 0.36) (layer F.SilkS) (width 0.12))
    (fp_line (start -0.91 0.46) (end -0.91 -0.46) (layer F.CrtYd) (width 0.05))
    (fp_line (start -0.91 -0.46) (end 0.91 -0.46) (layer F.CrtYd) (width 0.05))
    (fp_line (start 0.91 -0.46) (end 0.91 0.46) (layer F.CrtYd) (width 0.05))
    (fp_line (start 0.91 0.46) (end -0.91 0.46) (layer F.CrtYd) (width 0.05))
    (fp_text user %R (at 0 0 90) (layer F.Fab)
      (effects (font (size 0.25 0.25) (thickness 0.04)))
    )
    (pad 1 smd roundrect (at -0.48 0 90) (size 0.56 0.62) (layers F.Cu F.Paste F.Mask) (roundrect_rratio 0.25)
      (net 6 +3V3))
    (pad 2 smd roundrect (at 0.48 0 90) (size 0.56 0.62) (layers F.Cu F.Paste F.Mask) (roundrect_rratio 0.25)
      (net 1 GND))
    (model ${KISYS3DMOD}/Capacitor_SMD.3dshapes/C_0402_1005Metric.wrl
      (at (xyz 0 0 0))
      (scale (xyz 1 1 1))
      (rotate (xyz 0 0 0))
    )
  )

  (module Capacitor_SMD:C_0402_1005Metric (layer F.Cu) (tedit 5F68FEEE) (tstamp 618F1645)
    (at 214 64.52 90)
    (descr "Capacitor SMD 0402 (1005 Metric), square (rectangular) end terminal, IPC_7351 nominal, (Body size source: IPC-SM-782 page 76, https://www.pcb-3d.com/wordpress/wp-content/uploads/ipc-sm-782a_amendment_1_and_2.pdf), generated with kicad-footprint-generator")
    (tags capacitor)
    (path /61C35C6C)
    (attr smd)
    (fp_text reference C10 (at -0.48 -4.5 90) (layer F.SilkS)
      (effects (font (size 1 1) (thickness 0.15)))
    )
    (fp_text value 100nF (at 0 1.16 90) (layer F.Fab)
      (effects (font (size 1 1) (thickness 0.15)))
    )
    (fp_line (start 0.91 0.46) (end -0.91 0.46) (layer F.CrtYd) (width 0.05))
    (fp_line (start 0.91 -0.46) (end 0.91 0.46) (layer F.CrtYd) (width 0.05))
    (fp_line (start -0.91 -0.46) (end 0.91 -0.46) (layer F.CrtYd) (width 0.05))
    (fp_line (start -0.91 0.46) (end -0.91 -0.46) (layer F.CrtYd) (width 0.05))
    (fp_line (start -0.107836 0.36) (end 0.107836 0.36) (layer F.SilkS) (width 0.12))
    (fp_line (start -0.107836 -0.36) (end 0.107836 -0.36) (layer F.SilkS) (width 0.12))
    (fp_line (start 0.5 0.25) (end -0.5 0.25) (layer F.Fab) (width 0.1))
    (fp_line (start 0.5 -0.25) (end 0.5 0.25) (layer F.Fab) (width 0.1))
    (fp_line (start -0.5 -0.25) (end 0.5 -0.25) (layer F.Fab) (width 0.1))
    (fp_line (start -0.5 0.25) (end -0.5 -0.25) (layer F.Fab) (width 0.1))
    (fp_text user %R (at 0 0 90) (layer F.Fab)
      (effects (font (size 0.25 0.25) (thickness 0.04)))
    )
    (pad 2 smd roundrect (at 0.48 0 90) (size 0.56 0.62) (layers F.Cu F.Paste F.Mask) (roundrect_rratio 0.25)
      (net 1 GND))
    (pad 1 smd roundrect (at -0.48 0 90) (size 0.56 0.62) (layers F.Cu F.Paste F.Mask) (roundrect_rratio 0.25)
      (net 6 +3V3))
    (model ${KISYS3DMOD}/Capacitor_SMD.3dshapes/C_0402_1005Metric.wrl
      (at (xyz 0 0 0))
      (scale (xyz 1 1 1))
      (rotate (xyz 0 0 0))
    )
  )

  (module Capacitor_SMD:C_0402_1005Metric (layer F.Cu) (tedit 5F68FEEE) (tstamp 618F1615)
    (at 229 66.52 270)
    (descr "Capacitor SMD 0402 (1005 Metric), square (rectangular) end terminal, IPC_7351 nominal, (Body size source: IPC-SM-782 page 76, https://www.pcb-3d.com/wordpress/wp-content/uploads/ipc-sm-782a_amendment_1_and_2.pdf), generated with kicad-footprint-generator")
    (tags capacitor)
    (path /61C35D1C)
    (attr smd)
    (fp_text reference C7 (at -0.02 -6 90) (layer F.SilkS)
      (effects (font (size 1 1) (thickness 0.15)))
    )
    (fp_text value 1uF (at 0 1.16 90) (layer F.Fab)
      (effects (font (size 1 1) (thickness 0.15)))
    )
    (fp_line (start -0.5 0.25) (end -0.5 -0.25) (layer F.Fab) (width 0.1))
    (fp_line (start -0.5 -0.25) (end 0.5 -0.25) (layer F.Fab) (width 0.1))
    (fp_line (start 0.5 -0.25) (end 0.5 0.25) (layer F.Fab) (width 0.1))
    (fp_line (start 0.5 0.25) (end -0.5 0.25) (layer F.Fab) (width 0.1))
    (fp_line (start -0.107836 -0.36) (end 0.107836 -0.36) (layer F.SilkS) (width 0.12))
    (fp_line (start -0.107836 0.36) (end 0.107836 0.36) (layer F.SilkS) (width 0.12))
    (fp_line (start -0.91 0.46) (end -0.91 -0.46) (layer F.CrtYd) (width 0.05))
    (fp_line (start -0.91 -0.46) (end 0.91 -0.46) (layer F.CrtYd) (width 0.05))
    (fp_line (start 0.91 -0.46) (end 0.91 0.46) (layer F.CrtYd) (width 0.05))
    (fp_line (start 0.91 0.46) (end -0.91 0.46) (layer F.CrtYd) (width 0.05))
    (fp_text user %R (at 0 0 90) (layer F.Fab)
      (effects (font (size 0.25 0.25) (thickness 0.04)))
    )
    (pad 1 smd roundrect (at -0.48 0 270) (size 0.56 0.62) (layers F.Cu F.Paste F.Mask) (roundrect_rratio 0.25)
      (net 6 +3V3))
    (pad 2 smd roundrect (at 0.48 0 270) (size 0.56 0.62) (layers F.Cu F.Paste F.Mask) (roundrect_rratio 0.25)
      (net 1 GND))
    (model ${KISYS3DMOD}/Capacitor_SMD.3dshapes/C_0402_1005Metric.wrl
      (at (xyz 0 0 0))
      (scale (xyz 1 1 1))
      (rotate (xyz 0 0 0))
    )
  )

  (module LED_THT:LED_D5.0mm-4_RGB_Wide_Pins (layer F.Cu) (tedit 5B74F76E) (tstamp 617DE96F)
    (at 232 55.75 180)
    (descr "LED, diameter 5.0mm, 2 pins, diameter 5.0mm, 3 pins, diameter 5.0mm, 4 pins, http://www.kingbright.com/attachments/file/psearch/000/00/00/L-154A4SUREQBFZGEW(Ver.9A).pdf")
    (tags "LED diameter 5.0mm 2 pins diameter 5.0mm 3 pins diameter 5.0mm 4 pins RGB RGBLED")
    (path /619687B0)
    (fp_text reference D2 (at -2.5 0) (layer F.SilkS)
      (effects (font (size 1 1) (thickness 0.15)))
    )
    (fp_text value LED_RCGB (at 3.2385 3.96) (layer F.Fab)
      (effects (font (size 1 1) (thickness 0.15)))
    )
    (fp_line (start 7.56 -3.25) (end -1.08 -3.25) (layer F.CrtYd) (width 0.05))
    (fp_line (start 7.56 3.25) (end 7.56 -3.25) (layer F.CrtYd) (width 0.05))
    (fp_line (start -1.08 3.25) (end 7.56 3.25) (layer F.CrtYd) (width 0.05))
    (fp_line (start -1.08 -3.25) (end -1.08 3.25) (layer F.CrtYd) (width 0.05))
    (fp_line (start 0.6785 1.08) (end 0.6785 1.545) (layer F.SilkS) (width 0.12))
    (fp_line (start 0.6785 -1.545) (end 0.6785 -1.08) (layer F.SilkS) (width 0.12))
    (fp_line (start 0.7385 -1.469694) (end 0.7385 1.469694) (layer F.Fab) (width 0.1))
    (fp_circle (center 3.2385 0) (end 5.7385 0) (layer F.Fab) (width 0.1))
    (fp_arc (start 3.2385 0) (end 0.7385 -1.469694) (angle 299.1) (layer F.Fab) (width 0.1))
    (fp_arc (start 3.2385 0) (end 0.6785 -1.54483) (angle 127.7) (layer F.SilkS) (width 0.12))
    (fp_arc (start 3.2385 0) (end 0.6785 1.54483) (angle -127.7) (layer F.SilkS) (width 0.12))
    (fp_arc (start 3.2385 0) (end 0.983816 -1.08) (angle 128.8) (layer F.SilkS) (width 0.12))
    (fp_arc (start 3.2385 0) (end 0.983816 1.08) (angle -128.8) (layer F.SilkS) (width 0.12))
    (fp_text user %R (at 3.2385 -3.96) (layer F.Fab)
      (effects (font (size 1 1) (thickness 0.15)))
    )
    (pad 1 thru_hole rect (at 0 0 180) (size 1.8 1.8) (drill 0.9) (layers *.Cu *.Mask)
      (net 10 "Net-(D2-Pad1)"))
    (pad 2 thru_hole circle (at 2.159 0 180) (size 1.8 1.8) (drill 0.9) (layers *.Cu *.Mask)
      (net 1 GND))
    (pad 3 thru_hole circle (at 4.318 0 180) (size 1.8 1.8) (drill 0.9) (layers *.Cu *.Mask)
      (net 11 "Net-(D2-Pad3)"))
    (pad 4 thru_hole circle (at 6.477 0 180) (size 1.8 1.8) (drill 0.9) (layers *.Cu *.Mask)
      (net 12 "Net-(D2-Pad4)"))
    (model ${KISYS3DMOD}/LED_THT.3dshapes/LED_D5.0mm-4_RGB_Wide_Pins.wrl
      (at (xyz 0 0 0))
      (scale (xyz 1 1 1))
      (rotate (xyz 0 0 0))
    )
  )

  (module Connector_USB:USB_Micro-B_Molex-105017-0001 (layer F.Cu) (tedit 5A1DC0BE) (tstamp 617DD476)
    (at 217 54 180)
    (descr http://www.molex.com/pdm_docs/sd/1050170001_sd.pdf)
    (tags "Micro-USB SMD Typ-B")
    (path /61C35CAD)
    (attr smd)
    (fp_text reference J1 (at 0 -3.1125) (layer F.SilkS)
      (effects (font (size 1 1) (thickness 0.15)))
    )
    (fp_text value USB_B_Micro (at 0.3 4.3375) (layer F.Fab)
      (effects (font (size 1 1) (thickness 0.15)))
    )
    (fp_line (start -1.1 -2.1225) (end -1.1 -1.9125) (layer F.Fab) (width 0.1))
    (fp_line (start -1.5 -2.1225) (end -1.5 -1.9125) (layer F.Fab) (width 0.1))
    (fp_line (start -1.5 -2.1225) (end -1.1 -2.1225) (layer F.Fab) (width 0.1))
    (fp_line (start -1.1 -1.9125) (end -1.3 -1.7125) (layer F.Fab) (width 0.1))
    (fp_line (start -1.3 -1.7125) (end -1.5 -1.9125) (layer F.Fab) (width 0.1))
    (fp_line (start -1.7 -2.3125) (end -1.7 -1.8625) (layer F.SilkS) (width 0.12))
    (fp_line (start -1.7 -2.3125) (end -1.25 -2.3125) (layer F.SilkS) (width 0.12))
    (fp_line (start 3.9 -1.7625) (end 3.45 -1.7625) (layer F.SilkS) (width 0.12))
    (fp_line (start 3.9 0.0875) (end 3.9 -1.7625) (layer F.SilkS) (width 0.12))
    (fp_line (start -3.9 2.6375) (end -3.9 2.3875) (layer F.SilkS) (width 0.12))
    (fp_line (start -3.75 3.3875) (end -3.75 -1.6125) (layer F.Fab) (width 0.1))
    (fp_line (start -3.75 -1.6125) (end 3.75 -1.6125) (layer F.Fab) (width 0.1))
    (fp_line (start -3.75 3.389204) (end 3.75 3.389204) (layer F.Fab) (width 0.1))
    (fp_line (start -3 2.689204) (end 3 2.689204) (layer F.Fab) (width 0.1))
    (fp_line (start 3.75 3.3875) (end 3.75 -1.6125) (layer F.Fab) (width 0.1))
    (fp_line (start 3.9 2.6375) (end 3.9 2.3875) (layer F.SilkS) (width 0.12))
    (fp_line (start -3.9 0.0875) (end -3.9 -1.7625) (layer F.SilkS) (width 0.12))
    (fp_line (start -3.9 -1.7625) (end -3.45 -1.7625) (layer F.SilkS) (width 0.12))
    (fp_line (start -4.4 3.64) (end -4.4 -2.46) (layer F.CrtYd) (width 0.05))
    (fp_line (start -4.4 -2.46) (end 4.4 -2.46) (layer F.CrtYd) (width 0.05))
    (fp_line (start 4.4 -2.46) (end 4.4 3.64) (layer F.CrtYd) (width 0.05))
    (fp_line (start -4.4 3.64) (end 4.4 3.64) (layer F.CrtYd) (width 0.05))
    (fp_text user "PCB Edge" (at 0 2.6875) (layer Dwgs.User)
      (effects (font (size 0.5 0.5) (thickness 0.08)))
    )
    (fp_text user %R (at 0 0.8875 270) (layer F.Fab)
      (effects (font (size 1 1) (thickness 0.15)))
    )
    (pad 6 smd rect (at 1 1.2375 180) (size 1.5 1.9) (layers F.Cu F.Paste F.Mask)
      (net 1 GND))
    (pad 6 thru_hole circle (at -2.5 -1.4625 180) (size 1.45 1.45) (drill 0.85) (layers *.Cu *.Mask)
      (net 1 GND))
    (pad 2 smd rect (at -0.65 -1.4625 180) (size 0.4 1.35) (layers F.Cu F.Paste F.Mask)
      (net 54 /USB_CONN-))
    (pad 1 smd rect (at -1.3 -1.4625 180) (size 0.4 1.35) (layers F.Cu F.Paste F.Mask)
      (net 4 +5V))
    (pad 5 smd rect (at 1.3 -1.4625 180) (size 0.4 1.35) (layers F.Cu F.Paste F.Mask)
      (net 1 GND))
    (pad 4 smd rect (at 0.65 -1.4625 180) (size 0.4 1.35) (layers F.Cu F.Paste F.Mask)
      (net 13 "Net-(J1-Pad4)"))
    (pad 3 smd rect (at 0 -1.4625 180) (size 0.4 1.35) (layers F.Cu F.Paste F.Mask)
      (net 55 /USB_CONN+))
    (pad 6 thru_hole circle (at 2.5 -1.4625 180) (size 1.45 1.45) (drill 0.85) (layers *.Cu *.Mask)
